image: map_demo_final.pgm
resolution: 0.050000
origin: [-15.061890, -6.702444, 0.000000]
negate: 0
occupied_thresh: 0.65
free_thresh: 0.196

